    1956      6.61261
    1957      7.26526
    1958      8.51326
    1959      8.73918
    1960      8.52391
    1961      8.50027
    1962      7.99946
    1963      7.37736
    1964      7.79657
    1965      7.16406
    1966      8.11879
    1967      7.63179
    1968      7.90446
    1969      7.20568
    1970      7.18576
    1971      6.96411
    1972      7.25781
    1973      6.96466
    1974      7.21663
    1975      6.54341
    1976      7.24455
    1977      7.80822
    1978      7.31925
    1979      8.21962
    1980      7.07845
    1981      7.88101
    1982      8.35671
    1983      8.12513
    1984      7.36958
    1985      7.43310
    1986      6.60295
    1987      7.01633
    1988      6.49315
    1989      7.15400
    1990      6.99260
    1991      6.19670
    1992      6.00405
    1993      5.92164
    1994      7.01456
    1995      7.07634
    1996      6.63692
    1997      7.51397
    1998      6.59397
