    1956      8.16141
    1957      8.58456
    1958      9.59260
    1959      9.76165
    1960      9.17480
    1961      9.56311
    1962      9.07151
    1963      8.73506
    1964      8.97233
    1965      8.68494
    1966      9.81978
    1967      9.10369
    1968      9.44796
    1969      8.62763
    1970      8.65424
    1971      10.3504
    1972      9.88698
    1973      10.4192
    1974      10.6208
    1975      10.8310
    1976      11.1049
    1977      11.1932
    1978      10.9978
    1979      10.3555
    1980      10.0930
    1981      10.8554
    1982      11.4608
    1983      11.2948
    1984      10.0598
    1985      11.0493
    1986      10.6545
    1987      11.4068
    1988      11.6695
    1989      12.3981
    1990      11.9210
    1991      11.2962
    1992      11.8027
    1993      10.8677
    1994      13.0050
    1995      12.8024
    1996      10.1512
    1997      11.2460
    1998      10.9321
