    1956      5.82826
    1957      6.66681
    1958      7.41064
    1959      7.44723
    1960      7.30628
    1961      7.46927
    1962      7.97286
    1963      7.31712
    1964      7.53014
    1965      7.54542
    1966      7.53302
    1967      7.54495
    1968      7.41434
    1969      7.07707
    1970      6.48027
    1971      5.86275
    1972      6.13710
    1973      7.09923
    1974      6.73671
    1975      6.62090
    1976      6.74909
    1977      7.05735
    1978      6.85594
    1979      7.51621
    1980      6.87576
    1981      7.51410
    1982      7.40223
    1983      7.53537
    1984      6.90244
    1985      6.96967
    1986      7.70859
    1987      8.22575
    1988      8.20943
    1989      8.55918
    1990      8.42323
    1991      7.66384
    1992      7.51094
    1993      7.16021
    1994      8.29126
    1995      8.11562
    1996      7.88213
    1997      9.38689
    1998      7.47327
