    1956      7.91825
    1957      8.30919
    1958      9.41647
    1959      9.45702
    1960      8.87280
    1961      8.90443
    1962      8.81400
    1963      7.84039
    1964      8.49441
    1965      8.42512
    1966      8.34548
    1967      7.88353
    1968      8.50068
    1969      8.35810
    1970      8.90068
    1971      8.56962
    1972      8.57562
    1973      8.46206
    1974      8.60218
    1975      8.80526
    1976      8.68531
    1977      9.04786
    1978      8.61317
    1979      9.48325
    1980      8.60918
    1981      9.03762
    1982      9.50244
    1983      9.32396
    1984      8.47661
    1985      8.86586
    1986      9.68053
    1987      10.0023
    1988      9.76932
    1989      10.4770
    1990      9.79407
    1991      9.36158
    1992      9.56094
    1993      9.59589
    1994      12.0269
    1995      11.2523
    1996      10.6121
    1997      10.7851
    1998      10.3852
