    1956      6.19617
    1957      7.34303
    1958      7.55125
    1959      6.89783
    1960      6.62796
    1961      6.46648
    1962      5.11670
    1963      4.95999
    1964      5.17808
    1965      5.96028
    1966      6.61406
    1967      7.60440
    1968      7.12781
    1969      7.01185
    1970      6.76796
    1971      5.53337
    1972      5.17261
    1973      6.02088
    1974      5.64229
    1975      5.57370
    1976      5.07700
    1977      6.93210
    1978      6.19424
    1979      6.79618
    1980      6.18793
    1981      6.61451
    1982      7.51532
    1983      7.08895
    1984      6.14923
    1985      6.22219
    1986      6.52766
    1987      7.26104
    1988      7.35147
    1989      8.21689
    1990      8.52182
    1991      7.03288
    1992      6.89662
    1993      6.14773
    1994      7.58153
    1995      7.51370
    1996      7.23534
    1997      8.39373
    1998      7.51908
