    1956      10.1185
    1957      10.5183
    1958      11.9026
    1959      12.6202
    1960      11.9556
    1961      12.2590
    1962      11.8876
    1963      11.8254
    1964      11.7238
    1965      11.4874
    1966      12.0079
    1967      11.8062
    1968      12.2559
    1969      11.6043
    1970      12.1407
    1971      11.7637
    1972      11.0386
    1973      11.7182
    1974      11.8181
    1975      11.9553
    1976      11.8944
    1977      12.1468
    1978      12.1849
    1979      12.4118
    1980      11.7434
    1981      12.3608
    1982      12.7860
    1983      12.2463
    1984      11.4840
    1985      12.0603
    1986      12.2427
    1987      12.2345
    1988      12.6967
    1989      14.9299
    1990      14.7607
    1991      14.4071
    1992      14.2712
    1993      13.8706
    1994      15.3461
    1995      15.2203
    1996      14.5458
    1997      14.7800
    1998      14.5469
