    1956      1.73872
    1957      1.15640
    1958      2.49214
    1959      4.53880
    1960      3.70945
    1961      4.12575
    1962      3.60190
    1963      3.24370
    1964      3.10559
    1965      2.94526
    1966      3.59453
    1967      2.98575
    1968      3.28243
    1969      2.93100
    1970      2.23918
    1971      2.51777
    1972      3.07190
    1973      2.39229
    1974      2.83287
    1975      2.50632
    1976      2.93402
    1977      3.68267
    1978      3.01450
    1979      3.95171
    1980      3.18835
    1981      2.92564
    1982      4.32441
    1983      3.09093
    1984      3.10513
    1985      3.08466
    1986      3.49589
    1987      4.39945
    1988      3.57663
    1989      3.77172
    1990      3.87131
    1991      3.56243
    1992      2.73751
    1993      2.61245
    1994      3.67785
    1995      4.19863
    1996      3.80942
    1997      5.06740
    1998      3.70544
