    1956      7.72084
    1957      8.17260
    1958      9.59621
    1959      9.98493
    1960      9.48082
    1961      9.47640
    1962      9.19167
    1963      8.80165
    1964      9.11081
    1965      7.75566
    1966      9.62110
    1967      9.11726
    1968      9.41743
    1969      6.98790
    1970      6.91014
    1971      6.82082
    1972      6.55315
    1973      6.55040
    1974      6.31945
    1975      6.57480
    1976      6.65507
    1977      7.14603
    1978      6.96055
    1979      7.43593
    1980      6.83425
    1981      8.22278
    1982      8.10849
    1983      7.57781
    1984      6.78110
    1985      7.02055
    1986      7.38822
    1987      7.92877
    1988      7.36740
    1989      8.78137
    1990      8.69617
    1991      8.34352
    1992      7.70271
    1993      8.16630
    1994      8.87703
    1995      8.52986
    1996      8.49671
    1997      8.00521
    1998      6.96603
