    1956      4.61540
    1957      5.07892
    1958      6.30164
    1959      6.85304
    1960      6.26711
    1961      6.70602
    1962      5.79753
    1963      5.66355
    1964      6.38656
    1965      5.82576
    1966      6.62679
    1967      5.66237
    1968      6.32846
    1969      6.00086
    1970      5.50964
    1971      5.78742
    1972      5.72911
    1973      5.20893
    1974      5.60465
    1975      4.96478
    1976      4.92193
    1977      6.24588
    1978      5.68495
    1979      6.48811
    1980      5.80056
    1981      6.46983
    1982      5.99496
    1983      6.40088
    1984      5.66091
    1985      6.08110
    1986      6.52439
    1987      7.42383
    1988      6.97973
    1989      7.10137
    1990      7.53562
    1991      7.08221
    1992      5.80378
    1993      5.90058
    1994      7.10414
    1995      7.06239
    1996      6.58037
    1997      7.56340
    1998      6.65384
