    1956      7.92211
    1957      8.63398
    1958      9.97144
    1959      9.87581
    1960      9.61240
    1961      9.74878
    1962      9.40021
    1963      8.63980
    1964      7.10039
    1965      7.01403
    1966      8.02118
    1967      7.31935
    1968      7.76593
    1969      7.51932
    1970      7.38791
    1971      7.11793
    1972      7.00173
    1973      7.55908
    1974      7.80369
    1975      7.17327
    1976      5.87480
    1977      6.43622
    1978      6.49654
    1979      7.67117
    1980      7.45646
    1981      7.69397
    1982      8.07576
    1983      7.95726
    1984      7.28432
    1985      7.68376
    1986      7.82471
    1987      8.52344
    1988      7.78719
    1989      8.11173
    1990      7.87863
    1991      7.37545
    1992      7.38519
    1993      7.36931
    1994      8.38758
    1995      7.93804
    1996      7.47378
    1997      8.73479
    1998      7.53502
