    1956      5.56123
    1957      4.98041
    1958      5.96169
    1959      6.51167
    1960      6.52788
    1961      6.49233
    1962      6.02405
    1963      5.61507
    1964      6.14493
    1965      5.44384
    1966      5.99425
    1967      5.54931
    1968      6.00959
    1969      5.41957
    1970      5.22084
    1971      5.35285
    1972      5.10521
    1973      4.73671
    1974      5.14006
    1975      5.03136
    1976      4.97699
    1977      5.99123
    1978      5.30740
    1979      5.55484
    1980      5.03766
    1981      5.64951
    1982      6.24356
    1983      5.72164
    1984      5.21616
    1985      5.54300
    1986      5.76762
    1987      6.15019
    1988      5.55367
    1989      6.39708
    1990      6.21863
    1991      5.68384
    1992      6.29890
    1993      5.73576
    1994      6.48356
    1995      6.16384
    1996      6.60784
    1997      6.94352
    1998      5.92986
