    1956      1.32384
    1957      1.97370
    1958      3.44861
    1959      4.06046
    1960      3.24076
    1961      3.42630
    1962      2.60575
    1963      3.74986
    1964      4.27276
    1965      4.26192
    1966      4.67014
    1967      4.22685
    1968      4.54603
    1969      4.25370
    1970      4.17507
    1971      4.17096
    1972      3.79178
    1973      3.89836
    1974      3.95206
    1975      4.08822
    1976      4.21370
    1977      4.30493
    1978      4.02877
    1979      4.83014
    1980      4.10740
    1981      4.69123
    1982      5.51260
    1983      5.33945
    1984      4.01890
    1985      4.03535
    1986      3.92911
    1987      4.71021
    1988      4.55233
    1989      5.21151
    1990      5.09988
    1991      4.53592
    1992      4.47945
    1993      4.16457
    1994      5.38816
    1995      5.42891
    1996      4.91532
    1997      6.02110
    1998      5.18794
